Correlations: [1.00000,..100..,-0.15053](100000) +/-[0.00000,..100..,0.00027] [[1.00000,..100..,-0.14933],..97..,[1.00000,..100..,-0.14957]]#1024
Energy: 0.32386(100000) +/-0.00043 [0.32177,..97..,0.32148]#1024
Magnetization: [0.00004,..3..,-0.00006](100000) +/-[0.00021,..3..,0.00019] [[-0.00386,..3..,0.00119],..97..,[0.00109,..3..,-0.00146]]#1024
Magnetization^2: 0.00558(100000) +/-0.00002 [0.00562,..97..,0.00552]#1024
Magnetization^4: 0.00005(100000) +/-0.00000 [0.00006,..97..,0.00005]#1024

